#! FIELDS time phi1 psi1 theta1 rbias.rbias rw @5
#! SET min_phi1 -pi
#! SET max_phi1 pi
#! SET min_psi1 -pi
#! SET max_psi1 pi
#! SET min_theta1 -pi
#! SET max_theta1 pi
#! SET min_@5 -pi
#! SET max_@5 pi
 0.000000 -1.203741 -0.306631 0.129499 -4.324059 -1.575954 0.000000
 250.000000 -1.866205 2.848735 -0.129612 0.835884 0.304648 0.000000
 500.000000 -2.665763 3.109112 -0.079246 2.867134 1.044961 0.000000
 750.000000 -1.031611 0.883315 -0.355392 -0.867001 -0.315989 0.000000
 1000.000000 -1.418140 1.413891 -0.075334 3.649260 1.330016 0.000000
 1250.000000 -2.786933 2.037600 0.195801 -4.787954 -1.745026 0.000000
 1500.000000 -2.363446 2.918420 0.192026 4.499154 1.639769 0.000000
 1750.000000 0.559688 -0.188344 0.152805 -18.833819 -6.864206 0.000000
 2000.000000 -0.802152 -0.319657 -0.032052 -9.846070 -3.588515 0.000000
 2250.000000 -2.777239 -0.758335 0.095375 -19.594105 -7.141301 0.000000
 2500.000000 -1.147886 0.669832 -0.198909 1.877130 0.684142 0.000000
 2750.000000 1.065013 -0.553676 0.154824 -0.416230 -0.151700 0.000000
 3000.000000 0.960460 -1.615395 0.215188 -6.119621 -2.230368 0.000000
 3250.000000 0.684294 -0.936482 0.484038 -7.403975 -2.698465 0.000000
 3500.000000 -0.744542 1.898863 -0.426031 -11.547242 -4.208528 0.000000
 3750.000000 0.534865 -1.485857 -0.091119 -16.109139 -5.871164 0.000000
 4000.000000 -2.980367 1.961222 0.168170 -10.736455 -3.913027 0.000000
 4250.000000 -1.452869 0.072474 0.200667 -1.030738 -0.375665 0.000000
 4500.000000 -0.941555 -0.257462 -0.132577 -6.916087 -2.520649 0.000000
 4750.000000 -2.567874 1.696691 0.418713 -5.540849 -2.019427 0.000000
 5000.000000 -0.911653 2.713899 -0.448150 -9.748679 -3.553020 0.000000
 5250.000000 -2.898164 1.669220 0.168440 -13.964370 -5.089478 0.000000
 5500.000000 0.922454 -0.474644 -0.042065 -2.234055 -0.814227 0.000000
